2

3
Bernarda Schorr
Marhta Larosa
Earline Youngblood
1 2 3 
1 2 3 
1 2 3 
1 2 3 
1 2 3 
1 2 3 
1 2 3 
1 2 3 
1 2 3 
1 2 3 
1 2 3 
1 2 3 
1 2 3 
1 2 3 
1 2 3 
1 2 3 
1 2 3 
1 2 3 
1 2 3 
1 2 3 
1 2 3 
1 2 3 
1 2 3 
1 2 3 
1 2 3 
1 2 3 
1 2 3 
1 2 3 
1 2 3 
1 2 3 
1 2 3 
1 2 3 
1 2 3 
1 2 3 
1 2 3 
1 2 3 
1 2 3 
1 2 3 
1 2 3 
1 2 3 
1 2 3 
1 2 3 
1 2 3 
1 2 3 
1 2 3 
1 2 3 
1 2 3 
1 2 3 
1 2 3 
1 2 3 
1 2 3 
1 2 3 
1 2 3 
1 2 3 
1 2 3 
1 2 3 
1 2 3 
1 2 3 
1 2 3 
1 2 3 
1 2 3 
1 2 3 
1 2 3 
1 2 3 
1 2 3 
1 2 3 
1 2 3 
1 2 3 
1 2 3 
1 2 3 
1 2 3 
1 2 3 
1 2 3 
1 2 3 
1 2 3 

4
Buford Kane
Lizbeth Twiss
Bill Nye
Oretha Tynan
1 2 3 4 
1 2 3 4 
1 2 3 4 
1 2 3 4 
1 2 3 4 
1 2 3 4 
1 2 3 4 
1 2 3 4 
1 2 3 4 
1 2 3 4 
1 2 3 4 
1 2 3 4 
1 2 3 4 
1 2 3 4 
1 2 3 4 
1 2 3 4 
1 2 3 4 
1 2 3 4 
1 2 3 4 
1 2 3 4 
1 2 3 4 
1 2 3 4 
1 2 3 4 
1 2 3 4 
1 2 3 4 
1 2 3 4 
1 2 3 4 
1 2 3 4 
1 2 3 4 
1 2 3 4 
1 2 3 4 
1 2 3 4 
1 2 3 4 
1 2 3 4 
1 2 3 4 
1 2 3 4 
1 2 3 4 
1 2 3 4 
1 2 3 4 
1 2 3 4 
1 2 3 4 
1 2 3 4 
1 2 3 4 
1 2 3 4 
1 2 3 4 
1 2 3 4 
1 2 3 4 
1 2 3 4 
1 2 3 4 
1 2 3 4 
1 2 3 4 
1 2 3 4 
1 2 3 4 
1 2 3 4 
1 2 3 4 
1 2 3 4 
1 2 3 4 
1 2 3 4 
1 2 3 4 
1 2 3 4 
1 2 3 4 
1 2 3 4 
1 2 3 4 
1 2 3 4 
1 2 3 4 
1 2 3 4 
1 2 3 4 
1 2 3 4 
1 2 3 4 
1 2 3 4 
1 2 3 4 
1 2 3 4 
1 2 3 4 
1 2 3 4 
1 2 3 4 
1 2 3 4 
1 2 3 4 
1 2 3 4 
1 2 3 4 
1 2 3 4 
1 2 3 4 
1 2 3 4 
1 2 3 4 
1 2 3 4 
1 2 3 4 
1 2 3 4 
1 2 3 4 
1 2 3 4 
1 2 3 4 
1 2 3 4 
1 2 3 4 
1 2 3 4 
1 2 3 4 
1 2 3 4 
1 2 3 4 
1 2 3 4 
1 2 3 4 
1 2 3 4 
1 2 3 4 
1 2 3 4 

